Left Singular vectors :
[-0.3548527738021007,-0.08912626476380003,0.6351062167792083]
[-0.38423570977877364,-0.18894413084539408,0.10273509216527144]
[-0.21806175290567195,0.39604842815989394,-0.2809494489164852]
[-0.3567626655239716,0.07556622728760254,-0.32999582869238075]
[-0.3273797295472986,0.17538409336919658,0.20237529592155612]
[-0.331773713368622,-0.3326080202692874,-0.48022985642905436]
[-0.2999066852924966,0.4398944515021933,-0.23035562493609607]
[-0.2774018252365994,-0.640964401744583,-0.09809275955179109]
[-0.40922466193412327,0.21923011671149584,0.25296911990194504]
Singular values are :
[21.11673273011024,2.014003503193493,1.4238640013060755]
Right Singular vectors :
-0.52768502387003 0.8220643644929441 0.21391282386546803
-0.6204716058453448 -0.20103353196962914 -0.7580240796726154
-0.580140932811145 -0.5327247879108208 0.6161499804612395

Principal components :
-0.4862270442015869   0.8728715609439694    0.04096949575264887  
-0.46407996154954334  -0.21821789023599222  -0.858493297393245   
-0.7404141076284019   -0.43643578047198506  0.51118564020192     
